$ 1 0.000005 0.2954511527092107 31 5 43 5e-11
v 176 224 176 144 0 0 40 5 0 0 0.5
i 288 144 288 224 0 15
w 176 144 176 128 0
w 176 128 288 128 0
w 288 144 288 128 0
w 288 128 304 128 0
r 304 128 368 128 0 10
w 368 128 384 128 0
v 288 224 384 128 0 0 40 3 0 0 0.5
r 288 224 384 224 0 9
w 384 128 384 224 0
v 384 240 384 304 0 0 40 4 0 0 0.5
r 288 240 288 304 0 11
r 304 320 368 320 0 8
w 384 224 384 240 0
w 384 304 384 320 0
w 384 320 368 320 0
w 288 224 288 240 0
w 288 304 288 320 0
w 288 320 304 320 0
r 192 224 272 224 0 6
w 272 224 288 224 0
w 176 224 192 224 0
212 64 320 128 320 2048 2 -7*(b\s-\sa)
w 176 224 176 320 0
w 288 320 288 352 0
w 240 416 64 416 0
w 64 416 64 352 0
w 192 272 64 272 0
w 64 272 64 320 0
w 192 272 192 224 0
w 240 416 272 416 0
w 272 416 272 240 0
w 272 224 272 240 0
w 224 368 288 368 0
w 288 352 288 368 0
w 160 320 208 320 0
w 160 352 176 352 0
w 176 352 176 320 0
w 208 320 208 368 0
w 208 368 224 368 0
