$ 1 0.000005 0.14549914146182014 30 5 43 5e-11
215 192 208 272 208 0 2 4*A
w 144 128 336 128 0
w 288 240 304 240 0
w 304 240 304 160 0
w 304 160 336 160 0
w 336 160 336 128 0
w 288 208 336 208 0
w 336 208 336 288 0
r 304 288 224 288 0 10
w 336 288 304 288 0
w 224 288 192 288 0
w 160 288 144 288 0
w 144 128 144 288 0
v 336 128 432 128 0 0 40 70 0 0 0.5
r 432 176 432 256 0 100
r 432 128 528 128 0 5
r 304 64 448 64 0 60
w 144 128 144 64 0
w 144 64 304 64 0
w 448 64 528 64 0
w 528 64 528 128 0
w 432 128 432 176 0
w 336 288 432 288 0
w 432 256 432 288 0
r 144 320 144 384 0 600
r 336 320 336 384 0 17
v 208 384 272 384 0 0 40 120 0 0 0.5
v 352 384 416 384 0 0 40 150 0 0 0.5
w 144 288 144 320 0
w 144 384 208 384 0
w 272 384 336 384 0
w 336 320 336 288 0
w 336 384 352 384 0
w 432 288 432 384 0
w 432 384 416 384 0
r 448 384 512 384 0 8
w 432 384 448 384 0
w 528 128 528 384 0
w 528 384 512 384 0
w 192 240 160 240 0
w 160 240 160 288 0
w 192 208 176 208 0
w 176 208 176 288 0
w 176 288 192 288 0
