$ 1 0.000005 0.11813604128656459 24 5 43 5e-11
214 304 256 368 256 0 2 1.5*a
w 288 208 288 256 0
w 288 256 304 256 0
w 304 288 288 288 0
w 288 288 288 320 0
r 288 320 288 416 0 3
w 288 416 496 416 0
r 496 416 576 416 0 30
r 496 208 576 208 0 10
v 576 208 576 416 0 0 40 52 0 0 0.5
r 80 416 80 208 0 7
v 80 208 288 208 0 0 40 88 0 0 0.5
w 80 416 288 416 0
w 288 208 496 208 0
w 400 256 432 256 0
w 400 288 400 32 0
w 400 32 80 32 0
w 80 32 80 208 0
w 432 256 432 32 0
w 576 32 576 208 0
w 432 32 576 32 0
