$ 1 0.000005 0.18682459574322224 30 5 43 5e-11
i 144 128 256 128 0 2
i 368 224 256 224 0 3
v 256 176 256 128 0 0 40 10 0 0 0.5
v 144 320 144 224 0 0 40 11 0 0 0.5
r 256 128 368 128 0 4
w 368 128 368 224 0
r 368 224 368 320 0 8
w 256 320 368 320 0
r 144 320 256 320 0 7
r 144 224 256 224 0 6
r 144 224 144 128 0 5
214 144 368 192 368 0 2 9*a
w 240 368 240 256 0
w 240 256 256 256 0
w 256 256 256 224 0
w 240 400 256 400 0
w 256 400 272 400 0
w 272 400 272 288 0
w 272 288 256 288 0
w 256 288 256 320 0
w 256 224 256 208 0
w 256 208 288 208 0
w 288 208 288 448 0
w 288 448 144 448 0
w 112 400 112 208 0
w 112 208 224 208 0
w 224 208 224 176 0
w 224 176 256 176 0
w 112 400 144 400 0
w 144 448 128 448 0
w 128 448 128 368 0
w 128 368 144 368 0
